$by.self
                self.time self.pct total.time total.pct
loadMethod           7.54    14.72      12.20     23.82
subset               7.06    13.78      24.82     48.46
standardGeneric      5.74    11.21      30.60     59.74
MOVE_SAV20           5.58    10.89      44.48     86.84
subset.matrix        5.36    10.46       6.14     11.99
WIND20               4.78     9.33       6.00     11.71
matrix               4.78     9.33       5.92     11.56
assign               4.66     9.10       4.66      9.10
-                    0.76     1.48       0.76      1.48
&                    0.76     1.48       0.76      1.48
>=                   0.74     1.44       0.74      1.44
==                   0.64     1.25       0.64      1.25
+                    0.54     1.05       0.54      1.05
<=                   0.54     1.05       0.54      1.05
nrow                 0.34     0.66       6.66     13.00
MOVE_FP20            0.34     0.66       0.38      0.74
c                    0.34     0.66       0.34      0.66
sample               0.18     0.35       1.32      2.58
<                    0.12     0.23       0.12      0.23
UPTAKE_N20           0.08     0.16       0.08      0.16
GROW_SAV20           0.06     0.12       0.08      0.16
(                    0.06     0.12       0.06      0.12
STEP20               0.04     0.08      51.20     99.96
GROW_FP20            0.04     0.08       0.06      0.12
>                    0.04     0.08       0.04      0.08
UPTAKE_P20           0.04     0.08       0.04      0.08
testfunction         0.02     0.04      51.22    100.00
FUN                  0.02     0.04       6.40     12.50
get                  0.02     0.04       0.02      0.04

$by.total
                total.time total.pct self.time self.pct
testfunction         51.22    100.00      0.02     0.04
STEP20               51.20     99.96      0.04     0.08
MOVE_SAV20           44.48     86.84      5.58    10.89
standardGeneric      30.60     59.74      5.74    11.21
subset               24.82     48.46      7.06    13.78
loadMethod           12.20     23.82      7.54    14.72
nrow                  6.66     13.00      0.34     0.66
FUN                   6.40     12.50      0.02     0.04
lapply                6.40     12.50      0.00     0.00
subset.matrix         6.14     11.99      5.36    10.46
WIND20                6.00     11.71      4.78     9.33
matrix                5.92     11.56      4.78     9.33
assign                4.66      9.10      4.66     9.10
sample                1.32      2.58      0.18     0.35
-                     0.76      1.48      0.76     1.48
&                     0.76      1.48      0.76     1.48
>=                    0.74      1.44      0.74     1.44
==                    0.64      1.25      0.64     1.25
+                     0.54      1.05      0.54     1.05
<=                    0.54      1.05      0.54     1.05
MOVE_FP20             0.38      0.74      0.34     0.66
c                     0.34      0.66      0.34     0.66
<                     0.12      0.23      0.12     0.23
UPTAKE_N20            0.08      0.16      0.08     0.16
GROW_SAV20            0.08      0.16      0.06     0.12
(                     0.06      0.12      0.06     0.12
GROW_FP20             0.06      0.12      0.04     0.08
>                     0.04      0.08      0.04     0.08
UPTAKE_P20            0.04      0.08      0.04     0.08
get                   0.02      0.04      0.02     0.04
match.fun             0.02      0.04      0.00     0.00
Reduce                0.02      0.04      0.00     0.00

$sample.interval
[1] 0.02

$sampling.time
[1] 51.22