$by.self
                self.time self.pct total.time total.pct
loadMethod           4.92    15.24       7.76     24.04
standardGeneric      4.24    13.14      20.16     62.45
subset               3.84    11.90      15.66     48.51
subset.matrix        3.84    11.90       4.32     13.38
MOVE_FP20            3.00     9.29      26.48     82.03
assign               2.84     8.80       2.84      8.80
matrix               2.64     8.18       3.34     10.35
WIND20               2.50     7.74       3.50     10.84
&                    0.74     2.29       0.74      2.29
>=                   0.50     1.55       0.50      1.55
<=                   0.44     1.36       0.44      1.36
MOVE_SAV20           0.42     1.30       1.92      5.95
==                   0.36     1.12       0.36      1.12
nrow                 0.34     1.05       4.84     14.99
-                    0.32     0.99       0.32      0.99
c                    0.30     0.93       0.30      0.93
+                    0.28     0.87       0.28      0.87
STEP20               0.12     0.37      32.26     99.94
sample               0.12     0.37       0.64      1.98
(                    0.08     0.25       0.08      0.25
*                    0.08     0.25       0.08      0.25
>                    0.06     0.19       0.06      0.19
:                    0.04     0.12       0.04      0.12
<                    0.04     0.12       0.04      0.12
UPTAKE_P20           0.04     0.12       0.04      0.12
testfunction         0.02     0.06      32.28    100.00
lapply               0.02     0.06      30.00     92.94
GROW_SAV20           0.02     0.06       0.06      0.19
GROW_FP20            0.02     0.06       0.04      0.12
match.fun            0.02     0.06       0.04      0.12
Reduce               0.02     0.06       0.04      0.12
$                    0.02     0.06       0.02      0.06
get                  0.02     0.06       0.02      0.06
UPTAKE_N20           0.02     0.06       0.02      0.06

$by.total
                total.time total.pct self.time self.pct
testfunction         32.28    100.00      0.02     0.06
STEP20               32.26     99.94      0.12     0.37
lapply               30.00     92.94      0.02     0.06
FUN                  29.98     92.87      0.00     0.00
MOVE_FP20            26.48     82.03      3.00     9.29
standardGeneric      20.16     62.45      4.24    13.14
subset               15.66     48.51      3.84    11.90
loadMethod            7.76     24.04      4.92    15.24
nrow                  4.84     14.99      0.34     1.05
subset.matrix         4.32     13.38      3.84    11.90
WIND20                3.50     10.84      2.50     7.74
matrix                3.34     10.35      2.64     8.18
assign                2.84      8.80      2.84     8.80
MOVE_SAV20            1.92      5.95      0.42     1.30
&                     0.74      2.29      0.74     2.29
sample                0.64      1.98      0.12     0.37
>=                    0.50      1.55      0.50     1.55
<=                    0.44      1.36      0.44     1.36
==                    0.36      1.12      0.36     1.12
-                     0.32      0.99      0.32     0.99
c                     0.30      0.93      0.30     0.93
+                     0.28      0.87      0.28     0.87
(                     0.08      0.25      0.08     0.25
*                     0.08      0.25      0.08     0.25
>                     0.06      0.19      0.06     0.19
GROW_SAV20            0.06      0.19      0.02     0.06
:                     0.04      0.12      0.04     0.12
<                     0.04      0.12      0.04     0.12
UPTAKE_P20            0.04      0.12      0.04     0.12
GROW_FP20             0.04      0.12      0.02     0.06
match.fun             0.04      0.12      0.02     0.06
Reduce                0.04      0.12      0.02     0.06
$                     0.02      0.06      0.02     0.06
get                   0.02      0.06      0.02     0.06
UPTAKE_N20            0.02      0.06      0.02     0.06
Negate                0.02      0.06      0.00     0.00

$sample.interval
[1] 0.02

$sampling.time
[1] 32.28